1 28
2 -28.3749
3 92
4 0
5 81
6 14
7 -11
8 209
9 2
10 2
11 6
12 -1.40981
13 16
14 0
15 1
16 HelloWorld
17 -2
18 27
19 2
20 5
21 10
22 -5.42203
23 112
24 1
25 8
26 2.06987
27 10
28 9
29 0
30 1.42979e+011
31 8
32 -3.10291
33 3
34 1.02995
35 -2147483648
36 1.8468
37 16
38 61.1252
39 0
40 4
41 51
42 -10
43 168
44 1.44751
45 537824
46 31
47 -1
48 47
49 0
50 1
51 17
52 9
53 16
54 151.965
55 -2147483648
56 6
57 6
58 16.0057
59 0
60 0
61 34
62 16
63 544
64 0.249709
65 99
66 6
67 -25
68 0
69 0
70 -2147483648
71 9
72 -3
73 80
74 0.540433
75 3125
76 30.6241
77 -3
78 27
79 2
80 4527020
81 19
82 7.13319
83 15
84 0.505008
85 -2147483648
86 17.7185
87 -16
88 56
89 0
90 -2147483648
91 30
92 -17
93 3
94 0.144889
95 8
96 8
97 2
98 29.7416
99 0
100 0
101 30
102 -3.79674
103 16
104 0
105 410338672
106 39
107 2
108 212
109 0
110 5883.71
111 2
112 -20
113 6
114 0.646622
115 -2147483648
116 43.1903
117 -17
118 0.127587
119 1
120 4.25935
121 23
122 -11
123 12
124 0.011334
125 0
126 6
127 -15
128 119
129 0
130 277.494
131 36
132 -4
133 8
134 1
135 -2147483648
136 16.7562
137 -2
138 8
139 0
140 0
141 13
142 -4.34939
143 126
144 6
145 -2147483648
146 11
147 11
148 108
149 0
150 7.14297e+034
151 18
152 8.07855
153 2
154 0
155 -2147483648
156 8.27536
157 -12
158 448
159 160 4643.07
161 28
162 26.4311
163 126
164 5
165 1279999999
166 65.2343
167 2
168 40.0931
169 0
170 -2147483648
171 22
172 4.73651
173 3
174 0.0194596
175 6561
176 44.0342
177 12
178 164
179 180 1.36935e+037
181 9
182 -6
183 15
184 11.6744
185 1089
186 8.18034
187 -10
188 23
189 0
190 2.72279e+038
191 23
192 -12
193 72
194 0.889818
195 -2147483648
196 18.5794
197 -2
198 214
199 0
200 -2147483648
201 WeeNeedMoreGold
202 14
203 0
204 0
205 -2147483648
206 27
207 -3
208 150
209 0
210 0.140952
211 21
212 2
213 55
214 0
215 1073741824
216 40
217 1
218 0
219 0
220 3.68486
221 61
222 15
223 48
224 2
225 -2147483648
226 22
227 19
228 1
229 0
230 926970
231 24
232 -4
233 2
234 1.89733
235 27
236 17
237 -12
238 3.43005
239 3
240 -2147483648
241 WeeNeedMoreWood
242 1
243 232
244 0.693425
245 168
246 17
247 -13
248 126.308
249 1
250 10634.6
